


function mpc = GBreducednetwork
mpc.version = '2';
mpc.baseMVA = 100;
%% 
%GBreducednetwork Case in Matpower Format
%It is reduced model of GB network.
%Network consists of 29 buses, 99 transmission lines and 66 generators
%Data provided by Manolis Belivanis from Strathclyde
%Please cite Manolis and Strathclyde if you are using this data set

%Note: I have made few assumptions to make this data compatable with MATPOWER format.
%These assumptions include cost functions depending upon the generator type, voltage
 %bounds and lower bounds on real power generation

// Details on the data can be found here
// https://matpower.org/docs/ref/matpower5.0/caseformat.html

%W. A. Bukhsh Oct 2012
%% Bus Data
mpc.bus = [
1	2	468.00	102.00	0	0	1	1	0	275.00	1	1.10	0.90;
2	2	513.00	113.00	0	0	1	1	0	275.00	1	1.10	0.90;
3	2	555.00	105.00	0	0	1	1	0	132.00	1	1.10	0.90;
4	2	1308.00	317.00	0	0	1	1	0	275.00	1	1.10	0.90;
5	2	502.00	128.00	0	0	1	1	0	400.00	1	1.10	0.90;
6	2	1176.00	315.00	0	0	1	1	0	400.00	1	1.10	0.90;
7	2	745.00	171.00	0	0	1	1	0	400.00	1	1.10	0.90;
8	1	117.50	37.40	0	0	1	1	0	400.00	1	1.10	0.90;
9	1	130.00	53.00	0	0	1	1	0	400.00	1	1.10	0.90;
10	2	2561.00	465.00	0	0	1	1	0	400.00	1	1.10	0.90;
11	2	3360.00	760.00	0	0	1	1	0	400.00	1	1.10	0.90;
12	2	1189.00	338.00	0	0	1	1	0	400.00	1	1.10	0.90;
13	1	2524.00	766.00	0	0	1	1	0	400.00	1	1.10	0.90;
14	1	1831.00	566.50	0	0	1	1	0	400.00	1	1.10	0.90;
15	2	2633.00	694.60	0	0	1	1	0	400.00	1	1.10	0.90;
16	2	1607.00	655.00	0	0	1	1	0	400.00	1	1.10	0.90;
17	2	1081.00	371.00	0	0	1	1	0	400.00	1	1.10	0.90;
18	2	5362.00	1935.00	0	0	1	1	0	400.00	1	1.10	0.90;
19	2	2019.00	648.00	0	0	1	1	0	400.00	1	1.10	0.90;
20	2	1027.36	305.80	0	0	1	1	0	400.00	1	1.10	0.90;
21	2	702.00	202.20	0	0	1	1	0	400.00	1	1.10	0.90;
22	2	1820.00	665.00	0	0	1	1	0	400.00	1	1.10	0.90;
23	2	4734.00	1337.00	0	0	1	1	0	400.00	1	1.10	0.90;
24	1	1418.00	528.00	0	0	1	1	0	400.00	1	1.10	0.90;
25	2	9734.00	2902.00	0	0	1	1	0	400.00	1	1.10	0.90;
26	2	1424.00	434.00	0	0	1	1	0	400.00	1	1.10	0.90;
27	3	457.00	138.00	0	0	1	1	0	400.00	1	1.10	0.90;
28	2	2751.00	841.00	0	0	1	1	0	400.00	1	1.10	0.90;
29	2	2577.00	356.00	0	0	1	1	0	400.00	1	1.10	0.90;
];
%% Generator Data
mpc.gen = [
1	493.50	-24.62	139.22	-188.46	1.00	100	1	668	0	0	0	0	0	0	0	0	0	0	0	0;
1	549.58	19.47	105.23	-66.30	1.00	100	1	5.542800e+02	0	0	0	0	0	0	0	0	0	0	0	0;
1	0.00	40.00	180.00	-100.00	1.00	100	1	300	0	0	0	0	0	0	0	0	0	0	0	0;
1	18.72	-0.60	  7.80	 -8.99	1.00	100	1	1.872000e+01	0	0	0	0	0	0	0	0	0	0	0	0;
2	36.43	-1.67	 14.33	-17.67	1.00	100	1	5.060000e+01	0	0	0	0	0	0	0	0	0	0	0	0;
2	1524.00	317.58	1108.51	-473.36	1.00	100	1	1524	0	0	0	0	0	0	0	0	0	0	0	0;
2	12.00	0.00	  0.00	  0.00	1.00	100	1	12	0	0	0	0	0	0	0	0	0	0	0	0;
3	387.90	-14.90	128.34	-158.14	1.00	100	1	5.509900e+02	0	0	0	0	0	0	0	0	0	0	0	0;
3	13.54	-3.51	 -3.51	 -3.51	1.00	100	1	19	0	0	0	0	0	0	0	0	0	0	0	0;
3	553.00	39.31	144.79	-66.17	1.00	100	1	5.531200e+02	0	0	0	0	0	0	0	0	0	0	0	0;
3	15.12	-0.39	  6.51	 -7.29	1.00	100	1	1.512000e+01	0	0	0	0	0	0	0	0	0	0	0	0;
4	25.20	-0.84	 10.66	-12.34	1.00	100	1	35	0	0	0	0	0	0	0	0	0	0	0	0;
4	2284.00	-18.77	641.47	-679.00	1.00	100	1	2284	0	0	0	0	0	0	0	0	0	0	0	0;
4	340.00	6.24	150.34	-137.86	1.00	100	1	440	0	0	0	0	0	0	0	0	0	0	0	0;
4	259.00	7.16	137.27	-122.95	1.00	100	1	259	0	0	0	0	0	0	0	0	0	0	0	0;
5	1074.00	-6.65	416.47	-429.77	1.00	100	1	1074	0	0	0	0	0	0	0	0	0	0	0	0;
5	23.20	2.72	 15.39	 -9.94	1.00	100	1	2.320000e+01	0	0	0	0	0	0	0	0	0	0	0	0;
6	1001.52	-22.57	439.66	-484.80	1.00	100	1	1.390920e+03	0	0	0	0	0	0	0	0	0	0	0	0;
6	33.00	-0.35	 24.80	-25.50	1.00	100	1	33	0	0	0	0	0	0	0	0	0	0	0	0;
6	49.40	-2.70	 12.09	-17.49	1.00	100	1	4.940000e+01	0	0	0	0	0	0	0	0	0	0	0	0;
7	226.80	-2.63	125.76	-131.02	1.00	100	1	3.142500e+02	0	0	0	0	0	0	0	0	0	0	0	0;
7	1216.00	106.13	681.34	-469.07	1.00	100	1	1215	0	0	0	0	0	0	0	0	0	0	0	0;
7	1104.00	7.55	220.34	-205.24	1.00	100	1	1102	0	0	0	0	0	0	0	0	0	0	0	0;
10	1208.00	9.76	559.19	-539.68	1.00	100	1	1207	0	0	0	0	0	0	0	0	0	0	0	0;
10	1875.00	-66.23	697.17	-829.63	1.00	100	1	1875	0	0	0	0	0	0	0	0	0	0	0	0;
10	420.00	14.95	167.95	-138.04	1.00	100	1	420	0	0	0	0	0	0	0	0	0	0	0	0;
11	130.32	-57.60	-57.60	-57.60	1.00	100	1	180	0	0	0	0	0	0	0	0	0	0	0	0;
11	2406.00	104.89	1216.10	-1006.32	1.00	100	1	2406	0	0	0	0	0	0	0	0	0	0	0	0;
11	1961.00	150.88	873.22	-571.46	1.00	100	1	1987	0	0	0	0	0	0	0	0	0	0	0	0;
11	155.00	9.51	 94.22	-75.21	1.00	100	1	155	0	0	0	0	0	0	0	0	0	0	0	0;
11	1039.00	65.62	670.32	-539.07	1.00	100	1	1039	0	0	0	0	0	0	0	0	0	0	0	0;
12	980.00	80.93	579.98	-418.12	1.00	100	1	980	0	0	0	0	0	0	0	0	0	0	0	0;
12	1885.00	53.49	960.05	-853.06	1.00	100	1	1885	0	0	0	0	0	0	0	0	0	0	0	0;
12	210.00	10.73	116.42	-94.97	1.00	100	1	210	0	0	0	0	0	0	0	0	0	0	0	0;
12	1096.00	-115.52	344.48	-575.52	1.00	100	1	2004	0	0	0	0	0	0	0	0	0	0	0	0;
15	7800.00	503.58	3535.03	-2527.87	1.00	100	1	7832	0	0	0	0	0	0	0	0	0	0	0	0;
16	3972.00	148.72	1587.06	-1289.62	1.00	100	1	3987	0	0	0	0	0	0	0	0	0	0	0	0;
16	7041.00	149.33	3653.23	-3354.58	1.00	100	1	7040	0	0	0	0	0	0	0	0	0	0	0	0;
16	1218.00	102.24	767.33	-562.85	1.00	100	1	1218	0	0	0	0	0	0	0	0	0	0	0	0;
17	2000.00	204.15	814.23	-405.94	1.00	100	1	2021	0	0	0	0	0	0	0	0	0	0	0	0;
18	1960.00	175.40	884.97	-534.17	1.00	100	1	1982	0	0	0	0	0	0	0	0	0	0	0	0;
18	228.00	-16.78	 40.02	-73.58	1.00	100	1	228	0	0	0	0	0	0	0	0	0	0	0	0;
19	2845.00	-66.18	1336.63	-1468.98	1.00	100	1	2845	0	0	0	0	0	0	0	0	0	0	0	0;
19	406.80	0.00	162.70	-162.70	1.00	100	1	4.068000e+02	0	0	0	0	0	0	0	0	0	0	0	0;
20	1200.00	48.88	621.14	-523.38	1.00	100	1	1200	0	0	0	0	0	0	0	0	0	0	0	0;
20	360.00	236.64	236.64	236.64	1.00	100	1	360	0	0	0	0	0	0	0	0	0	0	0	0;
21	665.00	10.04	326.15	-306.07	1.00	100	1	665	0	0	0	0	0	0	0	0	0	0	0	0;
22	401.10	-21.48	189.72	-232.68	1.00	100	1	401	0	0	0	0	0	0	0	0	0	0	0	0;
23	3772.00	100.70	1589.67	-1388.27	1.00	100	1	3801	0	0	0	0	0	0	0	0	0	0	0	0;
23	363.00	-34.59	 84.81	-153.99	1.00	100	1	363	0	0	0	0	0	0	0	0	0	0	0	0;
23	470.00	53.16	317.76	-211.43	1.00	100	1	4.704000e+02	0	0	0	0	0	0	0	0	0	0	0	0;
23	3081.01	-30.71	1200.81	-1262.24	1.00	100	1	4431	0	0	0	0	0	0	0	0	0	0	0	0;
23	0.00	0.00	  0.00	  0.00	1.00	100	1	100	0	0	0	0	0	0	0	0	0	0	0	0;
25	2123.00	0.98	949.38	-947.42	1.00	100	1	2123	0	0	0	0	0	0	0	0	0	0	0	0;
25	0.00	0.00	  0.00	  0.00	1.00	100	1	1245	0	0	0	0	0	0	0	0	0	0	0	0;
26	1940.00	225.05	881.44	-431.35	1.00	100	1	1966	0	0	0	0	0	0	0	0	0	0	0	0;
26	1104.00	44.74	384.11	-294.62	1.00	100	1	1131	0	0	0	0	0	0	0	0	0	0	0	0;
26	2465.00	69.94	1254.53	-1114.64	1.00	100	1	3165	0	0	0	0	0	0	0	0	0	0	0	0;
26	0.00	0.00	  0.00	  0.00	1.00	100	1	1355	0	0	0	0	0	0	0	0	0	0	0	0;
27	1082.00	62.12	666.03	-541.79	1.00	100	1	1081	0	0	0	0	0	0	0	0	0	0	0	0;
27	216.00	35.50	 71.00	  0.00	1.00	100	1	300	0	0	0	0	0	0	0	0	0	0	0	0;
28	1320.00	39.06	657.82	-579.70	1.00	100	1	1320	0	0	0	0	0	0	0	0	0	0	0	0;
28	208.00	-5.21	 60.79	-71.21	1.00	100	1	208	0	0	0	0	0	0	0	0	0	0	0	0;
29	1261.00	-12.56	455.32	-480.43	1.00	100	1	1261	0	0	0	0	0	0	0	0	0	0	0	0;
29	905.00	-4.34	403.35	-412.03	1.00	100	1	905	0	0	0	0	0	0	0	0	0	0	0	0;
29	0.00	0.00	  0.00	  0.00	1.00	100	1	140	0	0	0	0	0	0	0	0	0	0	0	0;
];
%% Transmission Lines Data
